4
S    6    1.000000
   3.04752490E+03    1.83470000E-03
   4.57369510E+02    1.40373000E-02
   1.03948690E+02    6.88426000E-02
   2.92101550E+01    2.32184400E-01
   9.28666300E+00    4.67941300E-01
   3.16392700E+00    3.62312000E-01
SP   3    1.000000
   7.86827240E+00   -1.19332400E-01   6.89991000E-02
   1.88128850E+00   -1.60854200E-01   3.16424000E-01
   5.44249300E-01    1.14345640E+00   7.44308300E-01
SP   1    1.000000
   1.68714400E-01    1.00000000E+00   1.00000000E+00
D    1    1.000000
   8.00000000E-01    1.00000000E+00

