4
S    6    1.000000
   2.06888230E+03    1.86630000E-03
   3.10649570E+02    1.42515000E-02
   7.06830330E+01    6.95516000E-02
   1.98610800E+01    2.32572900E-01
   6.29930480E+00    4.67078700E-01
   2.12702700E+00    3.63431400E-01
SP   3    1.000000
   4.72797100E+00   -1.30393800E-01   7.45976000E-02
   1.19033770E+00   -1.30788900E-01   3.07846700E-01
   3.59411700E-01    1.13094440E+00   7.43456800E-01
SP   1    1.000000
   1.26751200E-01    1.00000000E+00   1.00000000E+00
D    1    1.000000
   6.00000000E-01    1.00000000E+00

