4
S    6    1.000000
   4.17351100E+03    1.83480000E-03
   6.27457900E+02    1.39950000E-02
   1.42902100E+02    6.85870000E-02
   4.02343300E+01    2.32241000E-01
   1.28202100E+01    4.69070000E-01
   4.39043700E+00    3.60455000E-01
SP   3    1.000000
   1.16263580E+01   -1.14961000E-01   6.75800000E-02
   2.71628000E+00   -1.69118000E-01   3.23907000E-01
   7.72218000E-01    1.14585200E+00   7.40895000E-01
SP   1    1.000000
   2.12031300E-01    1.00000000E+00   1.00000000E+00
D    1    1.000000
   8.00000000E-01    1.00000000E+00

